0.0002
0.001137811
0.002
0.002
0.002
0.002
0.002
0.002
0.002
0.002
0.002
0.002
0.002
0.002
0.002
0.002
0.002
0.002
0.001357734
0.001357734
0.002
0.002
0.002
0.002
0.002
0.002
0.002
0.002
0.002
0.002
0.002
0.002
0.002
0.002
0.002
0.002
0.002
0.002
0.002
0.002
0.002
0.002
0.002
0.002
0.002
0.002
0.002
0.002
0.002
0.002
0.002
0.002
0.002
0.002
0.002
0.002
0.002
0.002
0.002
0.002
0.002
0.002
0.002
0.002
0.002
0.002
0.002
0.002
0.002
0.002
0.002
0.002
0.002
0.002
0.002
0.002
0.002
0.002
0.001622448
0.002
0.002
0.002
0.002
0.002
0.002
0.002
0.00156242
0.002
0.002
0.002
0.002
0.002
0.002
0.002
0.002
0.000850456
0.002
0.002
0.002
0.002
0.002
0.002
0.002
0.002
0.002
0.002
0.002
0.002
0.002
0.002
0.002
0.002
0.002
0.002
0.002
0.002
0.002
0.002
0.002
0.002
0.002
0.002
0.002
0.002
0.002
0.002
0.002
0.002
0.002
0.002
0.002
0.002
0.002
0.002
0.002
0.002
0.002
0.002
0.002
0.002
0.002
0.002
0.002
0.002
0.002
0.002
0.002
0.001603565
0.002
0.002
0.002
0.002
0.002
0.000920657
0.000531677
0.000344559
0.000166783
0.000270156
0.000345031
0.001454203
0.001098644
0.000960848
0.001231514
0.000950462
0.000928812
0.000896756
0.00091815
0.000804642
0.001024937
0.002
0.001143974
0.001107591
0.001057407
0.000988659
0.00116541
0.001085869
0.002
0.001596876
0.001126466
0.000932668
0.001146877
0.000888333
0.000996296
0.000935871
0.001676398
0.001532232
0.001736806
0.002
0.00105896
0.001010424
0.000724298
0.000464292
0.000979662
0.001451866
0.002
0.001021707
0.000971243
0.001269877
0.001139858
0.001038846
0.00117733
0.000644293
0.00074173
0.001231263
0.001070806
0.000976259
0.001488943
0.001041235
0.000837104
0.001019625
0.000994284
0.000719311
0.001279462
0.001151757
0.000950578
0.001148335
0.000962406
0.001070074
0.001109934
0.000642423
0.000674405
0.000826263
0.000714487
0.000483641
0.001358315
0.001003361
0.0009385
0.000923415
0.001097324
0.001655814
0.000943621
0.001622908
0.00176081
0.001030963
0.000927735
0.001344904
0.000922518
0.001051364
0.001028905
0.001245062
0.002
0.001208137
0.001004586
0.000961747
0.000996403
0.001020568
0.000841818
0.001116896
0.001043367
0.000589768
0.000287217
0.000553208
0.001260777
0.001331409
0.000925773
0.001197655
0.001376595
0.001070905
0.002
0.001286874
0.000943452
0.001075793
0.00093587
0.001585098
0.000903909
0.001051084
0.001400218
0.001530439
0.001224934
0.000996097
0.00123678
0.001103976
0.000809329
0.00102103
0.001655298
0.001126539
0.00187426
0.00096648
0.000998169
0.00099959
0.001067409
0.001507853
0.001192732
0.001466779
0.002
0.00102388
0.000979392
0.001346849
0.0013844
0.000688618
0.001003657
0.001178523
0.002
0.001087652
0.000913888
0.00126126
0.001006924
0.001014926
0.000952129
0.002
0.00146343
0.001172695
0.001117204
0.001029243
0.002
0.002
0.001427345
0.001554082
0.001060762
0.001020002
0.00090324
0.00114219
0.001175114
0.000762824
0.000553354
0.001471813
0.002
0.000917468
0.00095644
0.002
0.000951887
0.001048552
0.001471021
0.002
0.001191615
0.000928585
0.001126624
0.000908147
0.001034755
0.001033568
0.00109601
0.001310922
0.00165041
0.000983957
0.001135796
0.000973999
0.001192146
0.002
0.001217533
0.00150025
0.001208775
0.002
0.000857412
0.001038252
0.001033881
0.000473059
0.000527826
0.001599828
0.00137337
0.001813459
0.000916849
0.001491314
0.001013788
0.001106089
0.00066775
0.000983483
0.001195759
0.001512576
0.001173465
0.001175172
0.000938354
0.001114913
0.00053371
0.001587865
0.001154514
0.002
0.001038187
0.002
0.001433731
0.001228733
0.00106217
0.001328457
0.002
0.001134203
0.001116974
0.001163268
0.000993452
0.000957081
0.001055505
0.001389912
0.001502028
0.001894802
0.000955218
0.000986628
0.000976176
0.001034241
0.001158021
0.001092235
0.001415434
0.001413502
0.000998714
0.00104747
0.000976764
0.001608752
0.001473649
0.001036568
0.00142349
0.00198316
0.001039686
0.000927535
0.002
0.000956682
0.001067377
0.001433174
0.001695709
0.0011118
0.00096189
0.00101441
0.000846962
0.00002
0.00002
0.00002
0.00002
0.00002
0.00002
0.00002
0.00002
0.00002
0.00002
0.00002
0.00002
0.00002
0.00002
0.00002
0.00002
0.00002
0.00002
0.00002
0.00002
0.00002
0.00002
0.00002
0.00002
0.00002
0.00002
0.00002
0.00002
0.00002
0.00002
0.00002
0.00002
0.00002
0.00002
0.00002
0.00002
0.00002
0.00002
0.00002
0.00002
0.00002
0.00002
0.00002
0.00002
0.00002
0.00002
0.00002
0.00002
0.00002
0.00002
0.00002
0.00002
0.00002
0.00002
0.00002
0.00002
0.00002
0.00002
0.00002
0.00002
0.00002
0.00002
0.00002
0.00002
0.00002
0.00002
0.00002
0.00002
0.00002
0.00002
0.00002
0.00002
0.00002
0.00002
0.00002
0.00002
0.00002
0.00002
0.00002
0.00002
0.00002
0.00002
0.00002
0.00002
0.00002
0.00002
0.00002
0.00002
0.00002
0.00002
0.00002
0.00002
0.00002
0.00002
0.00002
0.00002
0.00002
0.00002
2.56985E-05
2.84774E-05
4.70076E-05
5.20555E-05
5.44405E-05
5.94878E-05
8.77031E-05
0.00013125
9.23923E-05
0.000231759
0.000378932
0.000332976
0.00042277
0.000727384
0.000769363
0.000986011
0.000839803
0.001031255
0.001226676
0.000950726
0.000798038
0.000810929
0.000910393
0.000860576
0.000762538
0.000918733
0.002
0.000939688
0.001011361
0.000801922
0.00153329
0.000806627
0.000871901
0.0010352
0.001106876
0.00144177
0.001177344
0.001115525
0.000854971
0.001028409
0.000889377
0.001000576
0.001145596
0.001434846
0.001623633
0.001284156
0.000828599
0.00091639
0.001150347
0.000642753
0.000332942
0.001882016
0.00104637
0.000987382
0.000941993
0.001036161
0.001594212
0.001097495
0.001501216
0.002
0.000934832
0.00095368
0.001454804
0.00122657
0.001720182
0.001375338
0.000918888
0.00111525
0.000608472
0.002
0.001692192
0.002
0.002
0.000939493
0.000968227
0.001032969
0.002
0.001065892
0.001509798
0.001035387
0.001522868
0.00099987
0.001121398
0.001618294
0.001508379
0.001418438
0.001128045
0.001020353
0.001240413
0.001086179
0.001534542
0.001386303
0.001076307
0.001404039
0.001128839
0.001189744
0.002
0.002
0.00122189
0.002
0.001225321
0.000521716
0.001563626
0.001287668
0.001487066
0.001195309
0.001338569
0.0012434
0.002
0.001552904
0.00115755
0.001148667
0.001228458
0.001302502
0.002
0.002
0.001171413
0.001610601
0.001453505
0.002
0.002
0.001517402
0.001424614
0.001437607
0.001497109
0.002
0.001645705
0.001412241
0.001237295
0.001327894
0.001725375
0.002
0.002
0.001458505
0.002
0.002
0.001735549
0.001527103
0.001376538
0.001510234
0.002
0.002
0.00153256
0.001793212
0.001567549
0.002
0.001593292
0.001047692
0.00133465
0.001736614
0.002
0.002
0.001517463
0.00154667
0.001488405
0.002
0.002
0.001624691
0.00147859
0.001663171
0.002
0.002
0.002
0.00156297
0.001731734
0.002
0.002
0.002
0.001694153
0.002
0.002
0.002
0.001692005
0.002
0.002
0.002
0.001655834
0.002
0.002
0.002
0.002
0.001430716
0.002
0.002
0.002
0.002
0.002
0.002
0.002
0.00002
0.00002
0.000114442
0.000119875
0.000128347
0.000138854
0.000169471
0.000190162
0.000190162
0.000190162
0.000190162
0.00023197
0.000307282
0.000354522
0.000354522
0.000354522
0.000354522
0.000354522
0.000374012
0.000519558
0.000668796
0.000752763
0.000890049
0.002
0.002
0.002
0.002
0.002
0.002
0.002
0.002
0.002
0.002
0.002
0.002
0.002
0.002
0.002
0.002
0.002
0.002
0.002
0.002
0.002
0.002
0.002
0.002
0.002
0.002
0.002
0.002
0.002
0.002
0.002
0.002
0.002
0.002
0.002
0.002
0.002
0.002
0.002
0.001455146
0.002
0.002
0.002
0.002
0.002
0.002
0.002
0.002
0.002
0.002
0.002
0.002
0.002
0.002
0.002
0.002
0.002
0.002
0.002
0.002
0.002
0.002
0.002
0.002
0.002
0.002
0.002
0.002
0.002
0.002
0.002
0.002
0.002
0.002
0.002
0.002
0.002
0.002
0.002
0.002
0.002
0.002
0.002
0.002
0.002
0.002
0.002
0.002
0.002
0.002
0.002
0.002
0.002
0.002
0.002
0.002
0.002
0.002
0.002
0.002
0.002
0.002
0.002
0.002
0.002
0.002
0.002
0.002
0.001588404
0.002
0.002
0.002
0.002
0.002
0.002
0.002
0.002
0.002
0.002
0.002
0.002
0.002
0.002
0.002
0.002
0.002
0.002
0.002
0.002
0.002
0.002
0.002
0.002
0.002
0.002
0.002
0.002
0.002
0.002
0.002
0.002
0.002
0.002
0.002
0.002
0.002
0.002
0.002
0.002
0.002
0.002
0.002
0.002
0.002
0.002
0.002
0.002
0.002
0.002
0.002
0.002
0.002
0.002
0.002
0.002
0.002
0.002
0.002
0.002
0.002
0.002
0.002
0.002
0.002
0.002
0.002
0.002
0.002
0.002
0.002
0.002
0.002
0.002
0.002
0.001220337
0.002
0.002
0.002
0.002
0.002
0.002
0.002
0.002
0.002
0.002
0.002
0.002
0.002
0.002
0.002
0.002
0.002
0.002
0.002
0.002
0.002
0.002
0.002
0.002
0.002
0.002
0.002
0.002
0.002
0.002
0.000994502
0.002
0.002
0.002
0.002
0.002
0.002
0.002
0.002
0.002
0.002
0.002
0.002
0.002
0.002
0.002
0.002
0.002
0.002
0.002
0.002
0.002
0.002
0.002
0.002
0.002
0.002
0.002
0.002
0.002
0.002
0.002
0.002
0.002
0.002
0.002
0.002
0.002
0.002
0.002
0.002
0.002
0.002
0.002
0.002
0.002
0.002
0.002
0.002
0.002
0.002
0.002
0.002
0.002
0.002
0.001574056
0.002
0.002
0.002
0.002
0.002
0.002
0.002
0.002
0.002
0.002
0.002
0.002
0.002
0.002
0.002
0.002
0.002
0.002
0.002
0.002
0.002
0.002
0.002
0.002
0.002
0.002
0.002
0.002
0.002
0.002
0.002
0.002
0.002
0.002
0.002
0.002
0.002
0.002
0.002
0.002
0.002
0.002
0.002
0.002
0.002
0.002
0.002
0.002
0.002
0.002
0.002
0.002
0.002
0.002
0.002
0.002
0.002
0.002
0.002
0.002
0.002
0.002
0.002
0.002
0.002
0.002
0.001331958
0.002
0.001213948
0.002
0.002
0.002
0.002
0.002
0.002
0.002
0.002
0.002
0.002
0.002
0.002
0.002
0.002
0.002
0.002
0.002
0.002
0.002
0.002
0.002
0.002
0.002
0.002
0.002
0.002
0.002
0.001258237
0.002
0.002
0.002
0.002
0.002
0.002
0.002
0.000765753
0.001876157
0.002
0.002
0.002
0.002
0.002
0.002
0.002
0.002
0.002
0.002
0.002
0.002
0.002
0.002
0.002
0.002
0.002
0.002
0.002
0.002
0.002
0.002
0.002
0.002
0.002
0.002
0.002
0.002
0.001251846
0.001435141
0.002
0.002
0.002
0.002
0.002
0.002
0.002
0.002
0.002
0.002
0.002
0.002
0.002
0.002
0.002
0.002
0.002
0.002
0.002
0.002
0.002
0.002
0.002
0.002
0.002
0.002
0.002
0.002
0.002
0.002
0.002
0.002
0.002
0.002
0.002
0.002
0.002
0.002
0.002
0.002
0.002
0.002
0.002
0.002
0.002
0.002
0.002
0.002
0.00158325
0.00158325
0.002
0.002
0.002
0.002
0.001760454
0.002
0.002
0.002
0.002
0.002
0.002
0.002
0.002
0.002
0.002
0.002
0.002
0.002
0.002
0.002
0.002
0.002
0.002
0.002
0.002
0.002
0.002
0.002
0.002
0.002
0.002
0.002
0.002
0.002
0.002
0.001710135
0.002
0.002
0.002
0.002
0.002
0.002
0.002
0.002
0.002
0.002
0.002
0.002
0.002
0.002
0.002
0.002
0.002
0.002
0.002
0.002
0.002
0.002
0.002
0.002
0.002
0.002
0.002
0.002
0.002
0.002
0.002
0.002
0.002
0.002
0.002
0.002
0.002
0.002
0.002
0.002
0.002
0.002
0.001737361
0.002
0.002
0.002
0.002
0.002
0.002
0.002
0.002
0.002
0.002
0.002
0.002
0.002
0.002
0.002
0.002
0.002
0.002
0.002
0.002
0.002
0.002
0.002
0.001638508
0.002
0.002
0.002
0.002
0.002
0.002
0.002
0.002
0.002
0.002
0.002
0.002
